  101998   1   0
  101998   0   1
  101998  0.00000000E+000  0.00000000E+000  0.00000000E+000  0.00000000E+000  0.00000000E+000  0.00000000E+000  0.00000000E+000  0.00000000E+000  0.00000000E+000  0.00000000E+000  0.00000000E+000  0.00000000E+000  0.00000000E+000  0.00000000E+000  0.00000000E+000
 -0.11738892E+002  0.26141110E+003  0.26694998E+003  0.26097723E-005
  201998   1   0
  201998   0   1
  201998  0.00000000E+000  0.00000000E+000  0.00000000E+000  0.00000000E+000  0.00000000E+000  0.00000000E+000  0.00000000E+000  0.00000000E+000  0.00000000E+000  0.00000000E+000  0.00000000E+000  0.00000000E+000  0.00000000E+000  0.00000000E+000  0.00000000E+000
 -0.10335297E+002  0.26281470E+003  0.26825000E+003  0.32113012E-005
  301998   1   0
  301998   0   1
  301998  0.00000000E+000  0.00000000E+000  0.00000000E+000  0.00000000E+000  0.00000000E+000  0.00000000E+000  0.00000000E+000  0.00000000E+000  0.00000000E+000  0.00000000E+000  0.00000000E+000  0.00000000E+000  0.00000000E+000  0.00000000E+000  0.00000000E+000
 -0.64800720E+001  0.26666992E+003  0.27094998E+003  0.39923962E-005
  401998   1   0
  401998   0   1
  401998  0.00000000E+000  0.00000000E+000  0.00000000E+000  0.00000000E+000  0.00000000E+000  0.00000000E+000  0.00000000E+000  0.00000000E+000  0.00000000E+000  0.00000000E+000  0.00000000E+000  0.00000000E+000  0.00000000E+000  0.00000000E+000  0.00000000E+000
 -0.14789551E+002  0.25836044E+003  0.26485001E+003  0.26720393E-005
  501998   1   0
  501998   0   1
  501998  0.00000000E+000  0.00000000E+000  0.00000000E+000  0.00000000E+000  0.00000000E+000  0.00000000E+000  0.00000000E+000  0.00000000E+000  0.00000000E+000  0.00000000E+000  0.00000000E+000  0.00000000E+000  0.00000000E+000  0.00000000E+000  0.00000000E+000
 -0.38876953E+001  0.26926230E+003  0.27414999E+003  0.51287384E-005
  601998   1   0
  601998   0   1
  601998  0.00000000E+000  0.00000000E+000  0.00000000E+000  0.00000000E+000  0.00000000E+000  0.00000000E+000  0.00000000E+000  0.00000000E+000  0.00000000E+000  0.00000000E+000  0.00000000E+000  0.00000000E+000  0.00000000E+000  0.00000000E+000  0.00000000E+000
 -0.15707397E+000  0.27299292E+003  0.27425000E+003  0.51635516E-005
  701998   1   0
  701998   0   1
  701998  0.00000000E+000  0.00000000E+000  0.00000000E+000  0.00000000E+000  0.00000000E+000  0.00000000E+000  0.00000000E+000  0.00000000E+000  0.00000000E+000  0.00000000E+000  0.00000000E+000  0.00000000E+000  0.00000000E+000  0.00000000E+000  0.00000000E+000
 -0.19475601E+002  0.25367439E+003  0.25985001E+003  0.13023481E-005
  801998   1   0
  801998   0   1
  801998  0.00000000E+000  0.00000000E+000  0.00000000E+000  0.00000000E+000  0.00000000E+000  0.00000000E+000  0.00000000E+000  0.00000000E+000  0.00000000E+000  0.00000000E+000  0.00000000E+000  0.00000000E+000  0.00000000E+000  0.00000000E+000  0.00000000E+000
 -0.67898865E+001  0.26636011E+003  0.27114999E+003  0.36335562E-005
  901998   1   0
  901998   0   1
  901998  0.00000000E+000  0.00000000E+000  0.00000000E+000  0.00000000E+000  0.00000000E+000  0.00000000E+000  0.00000000E+000  0.00000000E+000  0.00000000E+000  0.00000000E+000  0.00000000E+000  0.00000000E+000  0.00000000E+000  0.00000000E+000  0.00000000E+000
 -0.86059570E-002  0.27314139E+003  0.27685001E+003  0.61455953E-005
 1001998   1   0
 1001998   0   1
 1001998  0.00000000E+000  0.00000000E+000  0.00000000E+000  0.00000000E+000  0.00000000E+000  0.00000000E+000  0.00000000E+000  0.00000000E+000  0.00000000E+000  0.00000000E+000  0.00000000E+000  0.00000000E+000  0.00000000E+000  0.00000000E+000  0.00000000E+000
 -0.46466980E+001  0.26850330E+003  0.27694998E+003  0.27253766E-005
 1101998   1   0
 1101998   0   1
 1101998  0.00000000E+000  0.00000000E+000  0.00000000E+000  0.00000000E+000  0.00000000E+000  0.00000000E+000  0.00000000E+000  0.00000000E+000  0.00000000E+000  0.00000000E+000  0.00000000E+000  0.00000000E+000  0.00000000E+000  0.00000000E+000  0.00000000E+000
  0.37999878E+001  0.27694998E+003  0.27694998E+003  0.52627961E-005
 1201998   1   0
 1201998   0   1
 1201998  0.00000000E+000  0.00000000E+000  0.00000000E+000  0.00000000E+000  0.00000000E+000  0.00000000E+000  0.00000000E+000  0.00000000E+000  0.00000000E+000  0.00000000E+000  0.00000000E+000  0.00000000E+000  0.00000000E+000  0.00000000E+000  0.00000000E+000
  0.11000000E+002  0.28414999E+003  0.28414999E+003  0.72294642E-005
 1301998   1   0
 1301998   0   1
 1301998  0.00000000E+000  0.00000000E+000  0.00000000E+000  0.00000000E+000  0.00000000E+000  0.00000000E+000  0.00000000E+000  0.00000000E+000  0.00000000E+000  0.00000000E+000  0.00000000E+000  0.00000000E+000  0.00000000E+000  0.00000000E+000  0.00000000E+000
  0.14000000E+002  0.28714999E+003  0.28714999E+003  0.11865895E-004
 1401998   1   0
 1401998   0   1
 1401998  0.00000000E+000  0.00000000E+000  0.00000000E+000  0.00000000E+000  0.00000000E+000  0.00000000E+000  0.00000000E+000  0.00000000E+000  0.00000000E+000  0.00000000E+000  0.00000000E+000  0.00000000E+000  0.00000000E+000  0.00000000E+000  0.00000000E+000
  0.19600006E+002  0.29275000E+003  0.29275000E+003  0.12381292E-004
 1501998   1   0
 1501998   0   1
 1501998  0.00000000E+000  0.00000000E+000  0.00000000E+000  0.00000000E+000  0.00000000E+000  0.00000000E+000  0.00000000E+000  0.00000000E+000  0.00000000E+000  0.00000000E+000  0.00000000E+000  0.00000000E+000  0.00000000E+000  0.00000000E+000  0.00000000E+000
  0.12799988E+002  0.28594998E+003  0.28594998E+003  0.74090353E-005
 1601998   1   0
 1601998   0   1
 1601998  0.00000000E+000  0.00000000E+000  0.00000000E+000  0.00000000E+000  0.00000000E+000  0.00000000E+000  0.00000000E+000  0.00000000E+000  0.00000000E+000  0.00000000E+000  0.00000000E+000  0.00000000E+000  0.00000000E+000  0.00000000E+000  0.00000000E+000
  0.15299988E+002  0.28844998E+003  0.28844998E+003  0.86664813E-005
 1701998   1   0
 1701998   0   1
 1701998  0.00000000E+000  0.00000000E+000  0.00000000E+000  0.00000000E+000  0.00000000E+000  0.00000000E+000  0.00000000E+000  0.00000000E+000  0.00000000E+000  0.00000000E+000  0.00000000E+000  0.00000000E+000  0.00000000E+000  0.00000000E+000  0.00000000E+000
  0.20000000E+002  0.29314999E+003  0.29314999E+003  0.17031027E-004
 1801998   1   0
 1801998   0   1
 1801998  0.00000000E+000  0.00000000E+000  0.00000000E+000  0.00000000E+000  0.00000000E+000  0.00000000E+000  0.00000000E+000  0.00000000E+000  0.00000000E+000  0.00000000E+000  0.00000000E+000  0.00000000E+000  0.00000000E+000  0.00000000E+000  0.00000000E+000
  0.20000000E+002  0.29314999E+003  0.29314999E+003  0.15385089E-004
 1901998   1   0
 1901998   0   1
 1901998  0.00000000E+000  0.00000000E+000  0.00000000E+000  0.00000000E+000  0.00000000E+000  0.00000000E+000  0.00000000E+000  0.00000000E+000  0.00000000E+000  0.00000000E+000  0.00000000E+000  0.00000000E+000  0.00000000E+000  0.00000000E+000  0.00000000E+000
  0.16299988E+002  0.28944998E+003  0.28944998E+003  0.13653738E-004
 2001998   1   0
 2001998   0   1
 2001998  0.00000000E+000  0.00000000E+000  0.00000000E+000  0.00000000E+000  0.00000000E+000  0.00000000E+000  0.00000000E+000  0.00000000E+000  0.00000000E+000  0.00000000E+000  0.00000000E+000  0.00000000E+000  0.00000000E+000  0.00000000E+000  0.00000000E+000
  0.18299988E+002  0.29144998E+003  0.29144998E+003  0.15141279E-004
 2101998   1   0
 2101998   0   1
 2101998  0.00000000E+000  0.00000000E+000  0.00000000E+000  0.00000000E+000  0.00000000E+000  0.00000000E+000  0.00000000E+000  0.00000000E+000  0.00000000E+000  0.00000000E+000  0.00000000E+000  0.00000000E+000  0.00000000E+000  0.00000000E+000  0.00000000E+000
  0.14899994E+002  0.28804999E+003  0.28804999E+003  0.12521071E-004
 2201998   1   0
 2201998   0   1
 2201998  0.00000000E+000  0.00000000E+000  0.00000000E+000  0.00000000E+000  0.00000000E+000  0.00000000E+000  0.00000000E+000  0.00000000E+000  0.00000000E+000  0.00000000E+000  0.00000000E+000  0.00000000E+000  0.00000000E+000  0.00000000E+000  0.00000000E+000
  0.19600006E+002  0.29275000E+003  0.29275000E+003  0.16633523E-004
 2301998   1   0
 2301998   0   1
 2301998  0.00000000E+000  0.00000000E+000  0.00000000E+000  0.00000000E+000  0.00000000E+000  0.00000000E+000  0.00000000E+000  0.00000000E+000  0.00000000E+000  0.00000000E+000  0.00000000E+000  0.00000000E+000  0.00000000E+000  0.00000000E+000  0.00000000E+000
  0.97000122E+001  0.28285001E+003  0.28285001E+003  0.82027445E-005
 2401998   1   0
 2401998   0   1
 2401998  0.00000000E+000  0.00000000E+000  0.00000000E+000  0.00000000E+000  0.00000000E+000  0.00000000E+000  0.00000000E+000  0.00000000E+000  0.00000000E+000  0.00000000E+000  0.00000000E+000  0.00000000E+000  0.00000000E+000  0.00000000E+000  0.00000000E+000
  0.20100006E+002  0.29325000E+003  0.29325000E+003  0.14868788E-004
 2501998   1   0
 2501998   0   1
 2501998  0.00000000E+000  0.00000000E+000  0.00000000E+000  0.00000000E+000  0.00000000E+000  0.00000000E+000  0.00000000E+000  0.00000000E+000  0.00000000E+000  0.00000000E+000  0.00000000E+000  0.00000000E+000  0.00000000E+000  0.00000000E+000  0.00000000E+000
  0.10100006E+002  0.28325000E+003  0.28325000E+003  0.93029666E-005
 2601998   1   0
 2601998   0   1
 2601998  0.00000000E+000  0.00000000E+000  0.00000000E+000  0.00000000E+000  0.00000000E+000  0.00000000E+000  0.00000000E+000  0.00000000E+000  0.00000000E+000  0.00000000E+000  0.00000000E+000  0.00000000E+000  0.00000000E+000  0.00000000E+000  0.00000000E+000
  0.10600006E+002  0.28375000E+003  0.28375000E+003  0.31213053E-005
 2701998   1   0
 2701998   0   1
 2701998  0.00000000E+000  0.00000000E+000  0.00000000E+000  0.00000000E+000  0.00000000E+000  0.00000000E+000  0.00000000E+000  0.00000000E+000  0.00000000E+000  0.00000000E+000  0.00000000E+000  0.00000000E+000  0.00000000E+000  0.00000000E+000  0.00000000E+000
  0.15100006E+002  0.28825000E+003  0.28825000E+003  0.11299503E-004
 2801998   1   0
 2801998   0   1
 2801998  0.00000000E+000  0.00000000E+000  0.00000000E+000  0.00000000E+000  0.00000000E+000  0.00000000E+000  0.00000000E+000  0.00000000E+000  0.00000000E+000  0.00000000E+000  0.00000000E+000  0.00000000E+000  0.00000000E+000  0.00000000E+000  0.00000000E+000
  0.14100006E+002  0.28725000E+003  0.28725000E+003  0.11939111E-004
 2901998   1   0
 2901998   0   1
 2901998  0.00000000E+000  0.00000000E+000  0.00000000E+000  0.00000000E+000  0.00000000E+000  0.00000000E+000  0.00000000E+000  0.00000000E+000  0.00000000E+000  0.00000000E+000  0.00000000E+000  0.00000000E+000  0.00000000E+000  0.00000000E+000  0.00000000E+000
  0.12600006E+002  0.28575000E+003  0.28575000E+003  0.10282098E-004
 3001998   1   0
 3001998   0   1
 3001998  0.00000000E+000  0.00000000E+000  0.00000000E+000  0.00000000E+000  0.00000000E+000  0.00000000E+000  0.00000000E+000  0.00000000E+000  0.00000000E+000  0.00000000E+000  0.00000000E+000  0.00000000E+000  0.00000000E+000  0.00000000E+000  0.00000000E+000
  0.12299988E+002  0.28544998E+003  0.28544998E+003  0.94754232E-005
 3101998   1   0
 3101998   0   1
 3101998  0.00000000E+000  0.00000000E+000  0.00000000E+000  0.00000000E+000  0.00000000E+000  0.00000000E+000  0.00000000E+000  0.00000000E+000  0.00000000E+000  0.00000000E+000  0.00000000E+000  0.00000000E+000  0.00000000E+000  0.00000000E+000  0.00000000E+000
  0.17000122E+001  0.27485001E+003  0.27485001E+003  0.53768617E-005
 3201998   1   0
 3201998   0   1
 3201998  0.00000000E+000  0.00000000E+000  0.00000000E+000  0.00000000E+000  0.00000000E+000  0.00000000E+000  0.00000000E+000  0.00000000E+000  0.00000000E+000  0.00000000E+000  0.00000000E+000  0.00000000E+000  0.00000000E+000  0.00000000E+000  0.00000000E+000
 -0.45086060E+001  0.26864139E+003  0.27235001E+003  0.37032485E-005
 3301998   1   0
 3301998   0   1
 3301998  0.00000000E+000  0.00000000E+000  0.00000000E+000  0.00000000E+000  0.00000000E+000  0.00000000E+000  0.00000000E+000  0.00000000E+000  0.00000000E+000  0.00000000E+000  0.00000000E+000  0.00000000E+000  0.00000000E+000  0.00000000E+000  0.00000000E+000
  0.27000122E+001  0.27585001E+003  0.27585001E+003  0.55085870E-005
 3401998   1   0
 3401998   0   1
 3401998  0.00000000E+000  0.00000000E+000  0.00000000E+000  0.00000000E+000  0.00000000E+000  0.00000000E+000  0.00000000E+000  0.00000000E+000  0.00000000E+000  0.00000000E+000  0.00000000E+000  0.00000000E+000  0.00000000E+000  0.00000000E+000  0.00000000E+000
 -0.83923340E-001  0.27306607E+003  0.27635001E+003  0.59447821E-005
 3501998   1   0
 3501998   0   1
 3501998  0.00000000E+000  0.00000000E+000  0.00000000E+000  0.00000000E+000  0.00000000E+000  0.00000000E+000  0.00000000E+000  0.00000000E+000  0.00000000E+000  0.00000000E+000  0.00000000E+000  0.00000000E+000  0.00000000E+000  0.00000000E+000  0.00000000E+000
 -0.45385742E+001  0.26861142E+003  0.27264999E+003  0.31000964E-005
 3601998   1   0
 3601998   0   1
 3601998  0.00000000E+000  0.00000000E+000  0.00000000E+000  0.00000000E+000  0.00000000E+000  0.00000000E+000  0.00000000E+000  0.00000000E+000  0.00000000E+000  0.00000000E+000  0.00000000E+000  0.00000000E+000  0.00000000E+000  0.00000000E+000  0.00000000E+000
 -0.15414062E+002  0.25773593E+003  0.26435001E+003  0.20640039E-005
 3651998   1   0
 3651998   0   1
 3651998  0.00000000E+000  0.00000000E+000  0.00000000E+000  0.00000000E+000  0.00000000E+000  0.00000000E+000  0.00000000E+000  0.00000000E+000  0.00000000E+000  0.00000000E+000  0.00000000E+000  0.00000000E+000  0.00000000E+000  0.00000000E+000  0.00000000E+000
 -0.25715240E+002  0.24743475E+003  0.25345000E+003  0.95699397E-006
 3651999   1   0
 3651999   0   1
 3651999  0.00000000E+000  0.00000000E+000  0.00000000E+000  0.00000000E+000  0.00000000E+000  0.00000000E+000  0.00000000E+000  0.00000000E+000  0.00000000E+000  0.00000000E+000  0.00000000E+000  0.00000000E+000  0.00000000E+000  0.00000000E+000  0.00000000E+000
 -0.18976837E+002  0.25417316E+003  0.26125000E+003  0.16398111E-005
 3662000   1   0
 3662000   0   1
 3662000  0.00000000E+000  0.00000000E+000  0.00000000E+000  0.00000000E+000  0.00000000E+000  0.00000000E+000  0.00000000E+000  0.00000000E+000  0.00000000E+000  0.00000000E+000  0.00000000E+000  0.00000000E+000  0.00000000E+000  0.00000000E+000  0.00000000E+000
 -0.50593567E+001  0.26809064E+003  0.27314999E+003  0.45253173E-005
 3652001   1   0
 3652001   0   1
 3652001  0.00000000E+000  0.00000000E+000  0.00000000E+000  0.00000000E+000  0.00000000E+000  0.00000000E+000  0.00000000E+000  0.00000000E+000  0.00000000E+000  0.00000000E+000  0.00000000E+000  0.00000000E+000  0.00000000E+000  0.00000000E+000  0.00000000E+000
 -0.16221008E+002  0.25692899E+003  0.26375000E+003  0.19729475E-005
 3652002   1   0
 3652002   0   1
 3652002  0.00000000E+000  0.00000000E+000  0.00000000E+000  0.00000000E+000  0.00000000E+000  0.00000000E+000  0.00000000E+000  0.00000000E+000  0.00000000E+000  0.00000000E+000  0.00000000E+000  0.00000000E+000  0.00000000E+000  0.00000000E+000  0.00000000E+000
 -0.32154541E+001  0.26993454E+003  0.27493201E+003  0.47171011E-005
 3652003   1   0
 3652003   0   1
 3652003  0.00000000E+000  0.00000000E+000  0.00000000E+000  0.00000000E+000  0.00000000E+000  0.00000000E+000  0.00000000E+000  0.00000000E+000  0.00000000E+000  0.00000000E+000  0.00000000E+000  0.00000000E+000  0.00000000E+000  0.00000000E+000  0.00000000E+000
 -0.27264847E+002  0.24588515E+003  0.25125000E+003  0.70965973E-006
  102004   1   0
  102004   0   1
  102004  0.00000000E+000  0.00000000E+000  0.00000000E+000  0.00000000E+000  0.00000000E+000  0.00000000E+000  0.00000000E+000  0.00000000E+000  0.00000000E+000  0.00000000E+000  0.00000000E+000  0.00000000E+000  0.00000000E+000  0.00000000E+000  0.00000000E+000
 -0.11448792E+002  0.26170120E+003  0.26694998E+003  0.26097723E-005
  202004   1   0
  202004   0   1
  202004  0.00000000E+000  0.00000000E+000  0.00000000E+000  0.00000000E+000  0.00000000E+000  0.00000000E+000  0.00000000E+000  0.00000000E+000  0.00000000E+000  0.00000000E+000  0.00000000E+000  0.00000000E+000  0.00000000E+000  0.00000000E+000  0.00000000E+000
 -0.10258545E+002  0.26289145E+003  0.26825000E+003  0.32113012E-005
  302004   1   0
  302004   0   1
  302004  0.00000000E+000  0.00000000E+000  0.00000000E+000  0.00000000E+000  0.00000000E+000  0.00000000E+000  0.00000000E+000  0.00000000E+000  0.00000000E+000  0.00000000E+000  0.00000000E+000  0.00000000E+000  0.00000000E+000  0.00000000E+000  0.00000000E+000
 -0.65634460E+001  0.26658655E+003  0.27094998E+003  0.39923962E-005
  402004   1   0
  402004   0   1
  402004  0.00000000E+000  0.00000000E+000  0.00000000E+000  0.00000000E+000  0.00000000E+000  0.00000000E+000  0.00000000E+000  0.00000000E+000  0.00000000E+000  0.00000000E+000  0.00000000E+000  0.00000000E+000  0.00000000E+000  0.00000000E+000  0.00000000E+000
 -0.14651031E+002  0.25849896E+003  0.26485001E+003  0.26720393E-005
  502004   1   0
  502004   0   1
  502004  0.00000000E+000  0.00000000E+000  0.00000000E+000  0.00000000E+000  0.00000000E+000  0.00000000E+000  0.00000000E+000  0.00000000E+000  0.00000000E+000  0.00000000E+000  0.00000000E+000  0.00000000E+000  0.00000000E+000  0.00000000E+000  0.00000000E+000
 -0.37879333E+001  0.26936206E+003  0.27414999E+003  0.51287384E-005
  602004   1   0
  602004   0   1
  602004  0.00000000E+000  0.00000000E+000  0.00000000E+000  0.00000000E+000  0.00000000E+000  0.00000000E+000  0.00000000E+000  0.00000000E+000  0.00000000E+000  0.00000000E+000  0.00000000E+000  0.00000000E+000  0.00000000E+000  0.00000000E+000  0.00000000E+000
 -0.15490723E+000  0.27299509E+003  0.27425000E+003  0.51635516E-005
  702004   1   0
  702004   0   1
  702004  0.00000000E+000  0.00000000E+000  0.00000000E+000  0.00000000E+000  0.00000000E+000  0.00000000E+000  0.00000000E+000  0.00000000E+000  0.00000000E+000  0.00000000E+000  0.00000000E+000  0.00000000E+000  0.00000000E+000  0.00000000E+000  0.00000000E+000
 -0.19208420E+002  0.25394157E+003  0.25985001E+003  0.13023481E-005
  802004   1   0
  802004   0   1
  802004  0.00000000E+000  0.00000000E+000  0.00000000E+000  0.00000000E+000  0.00000000E+000  0.00000000E+000  0.00000000E+000  0.00000000E+000  0.00000000E+000  0.00000000E+000  0.00000000E+000  0.00000000E+000  0.00000000E+000  0.00000000E+000  0.00000000E+000
 -0.67523804E+001  0.26639761E+003  0.27114999E+003  0.36335562E-005
  902004   1   0
  902004   0   1
  902004  0.00000000E+000  0.00000000E+000  0.00000000E+000  0.00000000E+000  0.00000000E+000  0.00000000E+000  0.00000000E+000  0.00000000E+000  0.00000000E+000  0.00000000E+000  0.00000000E+000  0.00000000E+000  0.00000000E+000  0.00000000E+000  0.00000000E+000
 -0.84533691E-002  0.27314154E+003  0.27685001E+003  0.61455953E-005
 1002004   1   0
 1002004   0   1
 1002004  0.00000000E+000  0.00000000E+000  0.00000000E+000  0.00000000E+000  0.00000000E+000  0.00000000E+000  0.00000000E+000  0.00000000E+000  0.00000000E+000  0.00000000E+000  0.00000000E+000  0.00000000E+000  0.00000000E+000  0.00000000E+000  0.00000000E+000
 -0.49916077E+001  0.26815839E+003  0.27694998E+003  0.27253766E-005
 1102004   1   0
 1102004   0   1
 1102004  0.00000000E+000  0.00000000E+000  0.00000000E+000  0.00000000E+000  0.00000000E+000  0.00000000E+000  0.00000000E+000  0.00000000E+000  0.00000000E+000  0.00000000E+000  0.00000000E+000  0.00000000E+000  0.00000000E+000  0.00000000E+000  0.00000000E+000
  0.37999878E+001  0.27694998E+003  0.27694998E+003  0.52627961E-005
 1202004   1   0
 1202004   0   1
 1202004  0.00000000E+000  0.00000000E+000  0.00000000E+000  0.00000000E+000  0.00000000E+000  0.00000000E+000  0.00000000E+000  0.00000000E+000  0.00000000E+000  0.00000000E+000  0.00000000E+000  0.00000000E+000  0.00000000E+000  0.00000000E+000  0.00000000E+000
  0.11000000E+002  0.28414999E+003  0.28414999E+003  0.72294642E-005
 1302004   1   0
 1302004   0   1
 1302004  0.00000000E+000  0.00000000E+000  0.00000000E+000  0.00000000E+000  0.00000000E+000  0.00000000E+000  0.00000000E+000  0.00000000E+000  0.00000000E+000  0.00000000E+000  0.00000000E+000  0.00000000E+000  0.00000000E+000  0.00000000E+000  0.00000000E+000
  0.14000000E+002  0.28714999E+003  0.28714999E+003  0.11865895E-004
 1402004   1   0
 1402004   0   1
 1402004  0.00000000E+000  0.00000000E+000  0.00000000E+000  0.00000000E+000  0.00000000E+000  0.00000000E+000  0.00000000E+000  0.00000000E+000  0.00000000E+000  0.00000000E+000  0.00000000E+000  0.00000000E+000  0.00000000E+000  0.00000000E+000  0.00000000E+000
  0.19600006E+002  0.29275000E+003  0.29275000E+003  0.12381292E-004
 1502004   1   0
 1502004   0   1
 1502004  0.00000000E+000  0.00000000E+000  0.00000000E+000  0.00000000E+000  0.00000000E+000  0.00000000E+000  0.00000000E+000  0.00000000E+000  0.00000000E+000  0.00000000E+000  0.00000000E+000  0.00000000E+000  0.00000000E+000  0.00000000E+000  0.00000000E+000
  0.12799988E+002  0.28594998E+003  0.28594998E+003  0.74090353E-005
 1602004   1   0
 1602004   0   1
 1602004  0.00000000E+000  0.00000000E+000  0.00000000E+000  0.00000000E+000  0.00000000E+000  0.00000000E+000  0.00000000E+000  0.00000000E+000  0.00000000E+000  0.00000000E+000  0.00000000E+000  0.00000000E+000  0.00000000E+000  0.00000000E+000  0.00000000E+000
  0.15299988E+002  0.28844998E+003  0.28844998E+003  0.86664813E-005
 1702004   1   0
 1702004   0   1
 1702004  0.00000000E+000  0.00000000E+000  0.00000000E+000  0.00000000E+000  0.00000000E+000  0.00000000E+000  0.00000000E+000  0.00000000E+000  0.00000000E+000  0.00000000E+000  0.00000000E+000  0.00000000E+000  0.00000000E+000  0.00000000E+000  0.00000000E+000
  0.20000000E+002  0.29314999E+003  0.29314999E+003  0.17031027E-004
 1802004   1   0
 1802004   0   1
 1802004  0.00000000E+000  0.00000000E+000  0.00000000E+000  0.00000000E+000  0.00000000E+000  0.00000000E+000  0.00000000E+000  0.00000000E+000  0.00000000E+000  0.00000000E+000  0.00000000E+000  0.00000000E+000  0.00000000E+000  0.00000000E+000  0.00000000E+000
  0.20000000E+002  0.29314999E+003  0.29314999E+003  0.15385089E-004
 1902004   1   0
 1902004   0   1
 1902004  0.00000000E+000  0.00000000E+000  0.00000000E+000  0.00000000E+000  0.00000000E+000  0.00000000E+000  0.00000000E+000  0.00000000E+000  0.00000000E+000  0.00000000E+000  0.00000000E+000  0.00000000E+000  0.00000000E+000  0.00000000E+000  0.00000000E+000
  0.16299988E+002  0.28944998E+003  0.28944998E+003  0.13653738E-004
 2002004   1   0
 2002004   0   1
 2002004  0.00000000E+000  0.00000000E+000  0.00000000E+000  0.00000000E+000  0.00000000E+000  0.00000000E+000  0.00000000E+000  0.00000000E+000  0.00000000E+000  0.00000000E+000  0.00000000E+000  0.00000000E+000  0.00000000E+000  0.00000000E+000  0.00000000E+000
  0.18299988E+002  0.29144998E+003  0.29144998E+003  0.15141279E-004
 2102004   1   0
 2102004   0   1
 2102004  0.00000000E+000  0.00000000E+000  0.00000000E+000  0.00000000E+000  0.00000000E+000  0.00000000E+000  0.00000000E+000  0.00000000E+000  0.00000000E+000  0.00000000E+000  0.00000000E+000  0.00000000E+000  0.00000000E+000  0.00000000E+000  0.00000000E+000
  0.14899994E+002  0.28804999E+003  0.28804999E+003  0.12521071E-004
 2202004   1   0
 2202004   0   1
 2202004  0.00000000E+000  0.00000000E+000  0.00000000E+000  0.00000000E+000  0.00000000E+000  0.00000000E+000  0.00000000E+000  0.00000000E+000  0.00000000E+000  0.00000000E+000  0.00000000E+000  0.00000000E+000  0.00000000E+000  0.00000000E+000  0.00000000E+000
  0.19600006E+002  0.29275000E+003  0.29275000E+003  0.16633523E-004
 2302004   1   0
 2302004   0   1
 2302004  0.00000000E+000  0.00000000E+000  0.00000000E+000  0.00000000E+000  0.00000000E+000  0.00000000E+000  0.00000000E+000  0.00000000E+000  0.00000000E+000  0.00000000E+000  0.00000000E+000  0.00000000E+000  0.00000000E+000  0.00000000E+000  0.00000000E+000
  0.97000122E+001  0.28285001E+003  0.28285001E+003  0.82027445E-005
 2402004   1   0
 2402004   0   1
 2402004  0.00000000E+000  0.00000000E+000  0.00000000E+000  0.00000000E+000  0.00000000E+000  0.00000000E+000  0.00000000E+000  0.00000000E+000  0.00000000E+000  0.00000000E+000  0.00000000E+000  0.00000000E+000  0.00000000E+000  0.00000000E+000  0.00000000E+000
  0.20100006E+002  0.29325000E+003  0.29325000E+003  0.14868788E-004
 2502004   1   0
 2502004   0   1
 2502004  0.00000000E+000  0.00000000E+000  0.00000000E+000  0.00000000E+000  0.00000000E+000  0.00000000E+000  0.00000000E+000  0.00000000E+000  0.00000000E+000  0.00000000E+000  0.00000000E+000  0.00000000E+000  0.00000000E+000  0.00000000E+000  0.00000000E+000
  0.10100006E+002  0.28325000E+003  0.28325000E+003  0.93029666E-005
 2602004   1   0
 2602004   0   1
 2602004  0.00000000E+000  0.00000000E+000  0.00000000E+000  0.00000000E+000  0.00000000E+000  0.00000000E+000  0.00000000E+000  0.00000000E+000  0.00000000E+000  0.00000000E+000  0.00000000E+000  0.00000000E+000  0.00000000E+000  0.00000000E+000  0.00000000E+000
  0.10600006E+002  0.28375000E+003  0.28375000E+003  0.31213053E-005
 2702004   1   0
 2702004   0   1
 2702004  0.00000000E+000  0.00000000E+000  0.00000000E+000  0.00000000E+000  0.00000000E+000  0.00000000E+000  0.00000000E+000  0.00000000E+000  0.00000000E+000  0.00000000E+000  0.00000000E+000  0.00000000E+000  0.00000000E+000  0.00000000E+000  0.00000000E+000
  0.15100006E+002  0.28825000E+003  0.28825000E+003  0.11299503E-004
 2802004   1   0
 2802004   0   1
 2802004  0.00000000E+000  0.00000000E+000  0.00000000E+000  0.00000000E+000  0.00000000E+000  0.00000000E+000  0.00000000E+000  0.00000000E+000  0.00000000E+000  0.00000000E+000  0.00000000E+000  0.00000000E+000  0.00000000E+000  0.00000000E+000  0.00000000E+000
  0.14100006E+002  0.28725000E+003  0.28725000E+003  0.11939111E-004
 2902004   1   0
 2902004   0   1
 2902004  0.00000000E+000  0.00000000E+000  0.00000000E+000  0.00000000E+000  0.00000000E+000  0.00000000E+000  0.00000000E+000  0.00000000E+000  0.00000000E+000  0.00000000E+000  0.00000000E+000  0.00000000E+000  0.00000000E+000  0.00000000E+000  0.00000000E+000
  0.12600006E+002  0.28575000E+003  0.28575000E+003  0.10282098E-004
 3002004   1   0
 3002004   0   1
 3002004  0.00000000E+000  0.00000000E+000  0.00000000E+000  0.00000000E+000  0.00000000E+000  0.00000000E+000  0.00000000E+000  0.00000000E+000  0.00000000E+000  0.00000000E+000  0.00000000E+000  0.00000000E+000  0.00000000E+000  0.00000000E+000  0.00000000E+000
  0.12299988E+002  0.28544998E+003  0.28544998E+003  0.94754232E-005
 3102004   1   0
 3102004   0   1
 3102004  0.00000000E+000  0.00000000E+000  0.00000000E+000  0.00000000E+000  0.00000000E+000  0.00000000E+000  0.00000000E+000  0.00000000E+000  0.00000000E+000  0.00000000E+000  0.00000000E+000  0.00000000E+000  0.00000000E+000  0.00000000E+000  0.00000000E+000
  0.17000122E+001  0.27485001E+003  0.27485001E+003  0.53768617E-005
 3202004   1   0
 3202004   0   1
 3202004  0.00000000E+000  0.00000000E+000  0.00000000E+000  0.00000000E+000  0.00000000E+000  0.00000000E+000  0.00000000E+000  0.00000000E+000  0.00000000E+000  0.00000000E+000  0.00000000E+000  0.00000000E+000  0.00000000E+000  0.00000000E+000  0.00000000E+000
 -0.45607605E+001  0.26858923E+003  0.27235001E+003  0.37032485E-005
 3302004   1   0
 3302004   0   1
 3302004  0.00000000E+000  0.00000000E+000  0.00000000E+000  0.00000000E+000  0.00000000E+000  0.00000000E+000  0.00000000E+000  0.00000000E+000  0.00000000E+000  0.00000000E+000  0.00000000E+000  0.00000000E+000  0.00000000E+000  0.00000000E+000  0.00000000E+000
  0.27000122E+001  0.27585001E+003  0.27585001E+003  0.55085870E-005
 3402004   1   0
 3402004   0   1
 3402004  0.00000000E+000  0.00000000E+000  0.00000000E+000  0.00000000E+000  0.00000000E+000  0.00000000E+000  0.00000000E+000  0.00000000E+000  0.00000000E+000  0.00000000E+000  0.00000000E+000  0.00000000E+000  0.00000000E+000  0.00000000E+000  0.00000000E+000
 -0.83740234E-001  0.27306625E+003  0.27635001E+003  0.59447821E-005
 3502004   1   0
 3502004   0   1
 3502004  0.00000000E+000  0.00000000E+000  0.00000000E+000  0.00000000E+000  0.00000000E+000  0.00000000E+000  0.00000000E+000  0.00000000E+000  0.00000000E+000  0.00000000E+000  0.00000000E+000  0.00000000E+000  0.00000000E+000  0.00000000E+000  0.00000000E+000
 -0.47421265E+001  0.26840787E+003  0.27264999E+003  0.31000964E-005
 3602004   1   0
 3602004   0   1
 3602004  0.00000000E+000  0.00000000E+000  0.00000000E+000  0.00000000E+000  0.00000000E+000  0.00000000E+000  0.00000000E+000  0.00000000E+000  0.00000000E+000  0.00000000E+000  0.00000000E+000  0.00000000E+000  0.00000000E+000  0.00000000E+000  0.00000000E+000
 -0.15417908E+002  0.25773209E+003  0.26435001E+003  0.20640039E-005
 3662004   1   0
 3662004   0   1
 3662004  0.00000000E+000  0.00000000E+000  0.00000000E+000  0.00000000E+000  0.00000000E+000  0.00000000E+000  0.00000000E+000  0.00000000E+000  0.00000000E+000  0.00000000E+000  0.00000000E+000  0.00000000E+000  0.00000000E+000  0.00000000E+000  0.00000000E+000
 -0.25779694E+002  0.24737030E+003  0.25345000E+003  0.95699397E-006
 3652005   1   0
 3652005   0   1
 3652005  0.00000000E+000  0.00000000E+000  0.00000000E+000  0.00000000E+000  0.00000000E+000  0.00000000E+000  0.00000000E+000  0.00000000E+000  0.00000000E+000  0.00000000E+000  0.00000000E+000  0.00000000E+000  0.00000000E+000  0.00000000E+000  0.00000000E+000
 -0.18976425E+002  0.25417357E+003  0.26125000E+003  0.16398111E-005
 3652006   1   0
 3652006   0   1
 3652006  0.00000000E+000  0.00000000E+000  0.00000000E+000  0.00000000E+000  0.00000000E+000  0.00000000E+000  0.00000000E+000  0.00000000E+000  0.00000000E+000  0.00000000E+000  0.00000000E+000  0.00000000E+000  0.00000000E+000  0.00000000E+000  0.00000000E+000
